62.99833679199219 25.145265579223633 56.79502868652344
62.90589141845703 25.116050720214844 56.770381927490234
62.81389236450195 25.085830688476562 56.74531936645508
62.72325134277344 25.054292678833008 56.71725082397461
62.63285446166992 25.023073196411133 56.68793487548828
62.543392181396484 24.992040634155273 56.655799865722656
62.45573043823242 24.960458755493164 56.61941146850586
62.36778259277344 24.931907653808594 56.581302642822266
62.27971649169922 24.90329933166504 56.543479919433594
62.19292068481445 24.875558853149414 56.50225830078125
62.107425689697266 24.846363067626953 56.459346771240234
62.021873474121094 24.81808090209961 56.415958404541016
61.93584442138672 24.791210174560547 56.372589111328125
61.84836196899414 24.7663631439209 56.3309211730957
61.7597770690918 24.74097442626953 56.29203796386719
61.667545318603516 24.71713638305664 56.261844635009766
61.57487106323242 24.693077087402344 56.23264694213867
61.48226547241211 24.670101165771484 56.202796936035156
61.38869094848633 24.645593643188477 56.1773567199707
61.295291900634766 24.622108459472656 56.150386810302734
61.20124435424805 24.599225997924805 56.1252326965332
61.108097076416016 24.57642936706543 56.09685134887695
61.01535415649414 24.55259895324707 56.068084716796875
60.92167282104492 24.53016471862793 56.041160583496094
60.828453063964844 24.505422592163086 56.01472473144531
60.73401641845703 24.482892990112305 55.99073028564453
60.640567779541016 24.458871841430664 55.96433639526367
60.54736328125 24.43450927734375 55.93743896484375
60.45319747924805 24.413148880004883 55.911376953125
60.35981750488281 24.388769149780273 55.88508987426758
60.26618576049805 24.367441177368164 55.85713577270508
60.17365264892578 24.34390640258789 55.827369689941406
60.080692291259766 24.32122039794922 55.798282623291016
59.98747253417969 24.298728942871094 55.76987838745117
59.894466400146484 24.277667999267578 55.7397346496582
59.800621032714844 24.25680160522461 55.712162017822266
59.70705032348633 24.235998153686523 55.6836051940918
59.61338424682617 24.215106964111328 55.65545654296875
59.52008819580078 24.195892333984375 55.62491989135742
59.426025390625 24.17696189880371 55.59667205810547
59.33169937133789 24.156740188598633 55.57029724121094
59.23667907714844 24.138219833374023 55.545143127441406
59.14107894897461 24.119304656982422 55.52294158935547
59.04520034790039 24.10042953491211 55.50147247314453
58.94915008544922 24.08139991760254 55.48051452636719
58.8529167175293 24.06478500366211 55.459083557128906
58.756927490234375 24.04752540588379 55.436920166015625
58.66015625 24.033512115478516 55.41590118408203
58.563194274902344 24.01873016357422 55.39632797241211
58.46596145629883 24.00589370727539 55.3767204284668
58.36885452270508 23.992984771728516 55.356571197509766
58.27215576171875 23.977588653564453 55.3361701965332
58.17584991455078 23.960996627807617 55.314781188964844
58.08025360107422 23.942962646484375 55.29156494140625
57.98477554321289 23.92485237121582 55.26798629760742
57.88874435424805 23.908592224121094 55.24508285522461
57.79436111450195 23.89027976989746 55.21756362915039
57.698753356933594 23.875349044799805 55.19221115112305
57.604122161865234 23.858530044555664 55.16455841064453
57.50953674316406 23.842105865478516 55.136497497558594
57.41497802734375 23.826656341552734 55.10774612426758
57.31956481933594 23.812522888183594 55.08134460449219
57.224853515625 23.79903793334961 55.052574157714844
57.130577087402344 23.79345703125 55.019649505615234
57.035499572753906 23.790586471557617 54.98877716064453
56.940311431884766 23.788131713867188 54.95819854736328
56.84674835205078 23.783170700073242 54.92340850830078
56.7552604675293 23.775684356689453 54.88371276855469
56.661895751953125 23.770727157592773 54.848201751708984
56.56739807128906 23.76824378967285 54.81553649902344
56.47292709350586 23.76746940612793 54.78269958496094
56.37824630737305 23.76823616027832 54.750553131103516
56.28462600708008 23.768856048583984 54.715415954589844
56.190608978271484 23.769529342651367 54.681331634521484
56.09718704223633 23.771944046020508 54.645084381103516
56.00087356567383 23.7773494720459 54.619815826416016
55.90374755859375 23.78597068786621 54.59765625
55.80781173706055 23.791873931884766 54.570064544677734
55.709556579589844 23.797700881958008 54.5529899597168
55.61189651489258 23.81270408630371 54.53818893432617
55.5168342590332 23.826852798461914 54.509944915771484
55.42119598388672 23.844749450683594 54.48736572265625
55.32524871826172 23.861726760864258 54.465110778808594
55.23100280761719 23.87797737121582 54.435794830322266
55.13784408569336 23.89227867126465 54.40240478515625
55.04418182373047 23.907861709594727 54.37103271484375
54.950286865234375 23.923921585083008 54.34100341796875
54.85929489135742 23.93897247314453 54.302310943603516
54.767391204833984 23.95604133605957 54.26719665527344
54.67292785644531 23.98029899597168 54.24800491333008
54.581241607666016 24.000030517578125 54.213287353515625
54.49062728881836 24.02177619934082 54.17695999145508
54.399559020996094 24.04296112060547 54.14155197143555
54.31066131591797 24.063875198364258 54.10089111328125
54.22308349609375 24.08759880065918 54.05888748168945
54.13536834716797 24.111135482788086 54.01701736450195
54.04933547973633 24.137197494506836 53.97325134277344
53.96200180053711 24.166015625 53.93398666381836
53.87822341918945 24.194971084594727 53.887691497802734
53.794403076171875 24.223285675048828 53.84107971191406
53.711631774902344 24.254728317260742 53.794578552246094
53.62873077392578 24.28618049621582 53.748313903808594
53.54546356201172 24.318239212036133 53.703163146972656
53.46397018432617 24.352745056152344 53.656612396240234
53.382568359375 24.387346267700195 53.60995864868164
53.302650451660156 24.42257308959961 53.561248779296875
53.2209587097168 24.460342407226562 53.51765441894531
53.14140319824219 24.500877380371094 53.47260284423828
53.063026428222656 24.543630599975586 53.42764663696289
52.98701858520508 24.5891056060791 53.381202697753906
52.91183090209961 24.63452911376953 53.33342361450195
52.8359375 24.678579330444336 53.2855339050293
52.76438522338867 24.723722457885742 53.23216247558594
52.693931579589844 24.772348403930664 53.18046188354492
52.625244140625 24.82048988342285 53.12600326538086
52.55630874633789 24.868600845336914 53.07183837890625
52.48891830444336 24.918148040771484 53.01703643798828
52.42287063598633 24.968793869018555 52.96160125732422
52.3570671081543 25.018381118774414 52.90492630004883
52.29133224487305 25.06814193725586 52.84832763671875
52.226226806640625 25.116247177124023 52.78959274291992
52.16089630126953 25.165128707885742 52.73177719116211
52.096160888671875 25.214876174926758 52.67403793334961
52.03401565551758 25.266183853149414 52.61481475830078
51.9711799621582 25.31907081604004 52.55776596069336
51.910423278808594 25.373348236083984 52.49974822998047
51.845420837402344 25.427780151367188 52.44674301147461
51.78112030029297 25.482593536376953 52.39322280883789
51.71913528442383 25.54034423828125 52.34010314941406
51.65842056274414 25.599058151245117 52.286590576171875
51.596195220947266 25.659204483032227 52.236473083496094
51.53683090209961 25.72081184387207 52.1846923828125
51.47808837890625 25.784137725830078 52.134239196777344
51.419517517089844 25.847591400146484 52.083778381347656
51.36217498779297 25.911823272705078 52.03287124633789
51.30593490600586 25.974287033081055 51.97867965698242
51.25061798095703 26.038230895996094 51.92529296875
51.19609832763672 26.105192184448242 51.87484359741211
51.14302444458008 26.172985076904297 51.82398223876953
51.093849182128906 26.24420166015625 51.77387237548828
51.04768753051758 26.31671905517578 51.72279739379883
51.00104904174805 26.388614654541016 51.67123794555664
50.95018768310547 26.458168029785156 51.620506286621094
50.90038299560547 26.52910614013672 51.57061767578125
50.851783752441406 26.602815628051758 51.523681640625
50.80449295043945 26.677099227905273 51.47630310058594
50.759525299072266 26.753740310668945 51.43036651611328
50.71649169921875 26.830768585205078 51.38330841064453
50.6750602722168 26.909584045410156 51.33770751953125
50.63134765625 26.988168716430664 51.2939453125
50.58460235595703 27.065587997436523 51.251216888427734
50.53851318359375 27.143526077270508 51.208683013916016
50.49420928955078 27.22154998779297 51.16450500488281
50.45036315917969 27.299211502075195 51.11925506591797
50.406227111816406 27.37748146057129 51.07529067993164
50.364707946777344 27.457672119140625 51.03230667114258
50.321128845214844 27.53650665283203 50.98882293701172
50.279415130615234 27.616596221923828 50.94581985473633
50.239501953125 27.695755004882812 50.8995361328125
50.20351791381836 27.778032302856445 50.85544967651367
50.16407775878906 27.858060836791992 50.810211181640625
50.128055572509766 27.94039535522461 50.76629638671875
50.09397888183594 28.024728775024414 50.724674224853516
50.066349029541016 28.110061645507812 50.68049621582031
50.04168701171875 28.197044372558594 50.63771057128906
50.016380310058594 28.284374237060547 50.59614562988281
49.99576187133789 28.3738956451416 50.55662155151367
49.979736328125 28.462631225585938 50.513362884521484
49.96209716796875 28.55129051208496 50.470558166503906
49.94874572753906 28.640945434570312 50.42830276489258
49.934844970703125 28.732275009155273 50.389896392822266
49.922603607177734 28.82359504699707 50.3509635925293
49.907772064208984 28.915515899658203 50.314422607421875
49.89558410644531 29.00762939453125 50.27743911743164
49.886451721191406 29.100069046020508 50.24027633666992
49.87712478637695 29.19272804260254 50.20380401611328
49.867393493652344 29.285362243652344 50.16731643676758
49.861881256103516 29.377962112426758 50.1298713684082
49.85536193847656 29.470626831054688 50.09279251098633
49.84528350830078 29.563684463500977 50.05754470825195
49.83551788330078 29.65639305114746 50.021331787109375
49.825889587402344 29.748737335205078 49.984107971191406
49.81371307373047 29.84221649169922 49.95071792602539
49.79962158203125 29.93487548828125 49.91579818725586
49.783470153808594 30.02776336669922 49.88249206542969
49.768760681152344 30.120981216430664 49.84932327270508
49.758094787597656 30.21486473083496 49.816524505615234
49.748172760009766 30.308223724365234 49.78200912475586
49.7368278503418 30.401195526123047 49.7469596862793
49.72819900512695 30.494617462158203 49.71228790283203
49.71990966796875 30.587995529174805 49.6773681640625
49.71657180786133 30.682144165039062 49.64375686645508
49.71427536010742 30.7762393951416 49.60993957519531
49.712825775146484 30.870790481567383 49.57735824584961
49.711669921875 30.9658145904541 49.54624557495117
49.718353271484375 31.058717727661133 49.50981521606445
49.731239318847656 31.151472091674805 49.47469711303711
49.74437713623047 31.2432804107666 49.437294006347656
49.758724212646484 31.336040496826172 49.402793884277344
49.76710510253906 31.428890228271484 49.36656951904297
49.77909469604492 31.520484924316406 49.32826232910156
49.79391098022461 31.61113166809082 49.28866195678711
49.80892562866211 31.702194213867188 49.25017547607422
49.82618713378906 31.79352378845215 49.213253021240234
49.84553527832031 31.884090423583984 49.17542266845703
49.8623161315918 31.97628402709961 49.14046096801758
49.87572479248047 32.06845474243164 49.10403823852539
49.88740539550781 32.16183853149414 49.0701789855957
49.895301818847656 32.25566482543945 49.03638458251953
49.90183639526367 32.350284576416016 49.00468063354492
49.90705490112305 32.444400787353516 48.97122573852539
49.9119873046875 32.54020309448242 48.94293975830078
49.91860580444336 32.63629913330078 48.91600036621094
49.926673889160156 32.73405075073242 48.896427154541016
49.9356689453125 32.83238983154297 48.88064193725586
49.94356918334961 32.93075942993164 48.86439895629883
49.95254135131836 33.02947235107422 48.85137176513672
49.96550750732422 33.128360748291016 48.84471893310547
49.97935104370117 33.22737121582031 48.841556549072266
49.991390228271484 33.32661437988281 48.83885955810547
50.00261688232422 33.42597579956055 48.836631774902344
50.01323318481445 33.525394439697266 48.83494186401367
50.02403259277344 33.624794006347656 48.83723068237305
50.03348922729492 33.72438049316406 48.83792495727539
50.04164123535156 33.823909759521484 48.843082427978516
50.0507926940918 33.92325973510742 48.849830627441406
50.061561584472656 34.022361755371094 48.858245849609375
50.07194519042969 34.12136459350586 48.867652893066406
50.08354949951172 34.220314025878906 48.87643814086914
50.09326934814453 34.319129943847656 48.88838577270508
50.10492706298828 34.417320251464844 48.90354919433594
50.11517333984375 34.51582717895508 48.917388916015625
50.126136779785156 34.61408615112305 48.932437896728516
50.13703918457031 34.71208953857422 48.94923782348633
50.145469665527344 34.8099365234375 48.96809768676758
50.15420150756836 34.908199310302734 48.98468017578125
50.16267013549805 35.00578689575195 49.00484848022461
50.17071533203125 35.10307312011719 49.0266227722168
50.18157958984375 35.1998176574707 49.04957580566406
50.1910285949707 35.2961311340332 49.074832916259766
50.20022201538086 35.39181900024414 49.10249328613281
50.20906448364258 35.48735046386719 49.13072967529297
50.2184944152832 35.58280563354492 49.159061431884766
50.22835922241211 35.67763137817383 49.18930435180664
50.24028396606445 35.77178192138672 49.220855712890625
50.250877380371094 35.86575698852539 49.25342559814453
50.25453567504883 35.96021270751953 49.28602981567383
50.25497817993164 36.05488586425781 49.318294525146484
50.25742721557617 36.14822006225586 49.35411071777344
50.259708404541016 36.24174499511719 49.38949966430664
50.25753402709961 36.33568572998047 49.423744201660156
50.25181579589844 36.430397033691406 49.45537185668945
50.24673080444336 36.525142669677734 49.48695755004883
50.24613952636719 36.61985397338867 49.51919937133789
50.24232864379883 36.71321487426758 49.55465316772461
50.22407150268555 36.805381774902344 49.589115142822266
50.2012939453125 36.89690017700195 49.62242889404297
50.18053436279297 36.98842239379883 49.656978607177734
50.16339111328125 37.07976531982422 49.69404602050781
50.14408874511719 37.17031478881836 49.73186111450195
50.12356948852539 37.26081466674805 49.76925277709961
50.10823059082031 37.350276947021484 49.810951232910156
50.08945846557617 37.437870025634766 49.8547477722168
50.06401824951172 37.52581787109375 49.89641189575195
50.03759765625 37.61323547363281 49.93721389770508
50.006656646728516 37.69880294799805 49.978729248046875
49.971656799316406 37.78269577026367 50.02043151855469
49.93296813964844 37.86587905883789 50.06032180786133
49.89501190185547 37.947853088378906 50.10321044921875
49.8591423034668 38.02906036376953 50.14927673339844
49.82162094116211 38.10942077636719 50.19551467895508
49.784698486328125 38.18891906738281 50.243675231933594
49.746822357177734 38.26832962036133 50.291229248046875
49.70650100708008 38.3474006652832 50.33734893798828
49.66755294799805 38.42583465576172 50.38569259643555
49.62874221801758 38.50522994995117 50.43247985839844
49.5888557434082 38.584388732910156 50.47865295410156
49.54838180541992 38.6657600402832 50.52073669433594
49.506961822509766 38.74644470214844 50.56289291381836
49.466182708740234 38.82634735107422 50.60719299316406
49.42393493652344 38.906768798828125 50.64899826049805
49.381893157958984 38.986324310302734 50.69267272949219
49.337947845458984 39.066978454589844 50.732242584228516
49.294925689697266 39.149105072021484 50.769771575927734
49.24966812133789 39.231971740722656 50.8027458190918
49.204429626464844 39.317962646484375 50.8263053894043
49.15653991699219 39.4035758972168 50.84551239013672
49.110225677490234 39.49052429199219 50.86289978027344
49.06379318237305 39.57891082763672 50.86817169189453
49.01898193359375 39.668296813964844 50.87009811401367
48.972991943359375 39.75702667236328 50.866153717041016
48.923980712890625 39.84415054321289 50.86310958862305
48.875186920166016 39.9310417175293 50.854984283447266
48.8250617980957 40.01698684692383 50.84466552734375
48.77482604980469 40.102569580078125 50.832332611083984
48.72395706176758 40.187313079833984 50.817020416259766
48.66932678222656 40.26970672607422 50.802001953125
48.615028381347656 40.35131072998047 50.78207778930664
48.55987548828125 40.43159484863281 50.759708404541016
48.5044059753418 40.51144790649414 50.736106872558594
48.447208404541016 40.5888557434082 50.7089729309082
48.3882942199707 40.66399002075195 50.67924499511719
48.32886505126953 40.73820114135742 50.648193359375
48.26948547363281 40.81095504760742 50.613800048828125
48.20946502685547 40.881919860839844 50.5768928527832
48.1487922668457 40.95082473754883 50.53718566894531
48.088687896728516 41.01727294921875 50.49278259277344
48.0262451171875 41.080867767333984 50.44742202758789
47.964752197265625 41.145320892333984 50.40199279785156
47.903934478759766 41.208457946777344 50.353858947753906
47.84348678588867 41.269691467285156 50.30289077758789
47.782535552978516 41.328033447265625 50.24922180175781
47.71889114379883 41.3821907043457 50.194278717041016
47.6593017578125 41.4383544921875 50.13678741455078
47.600589752197266 41.491127014160156 50.07536697387695
47.541534423828125 41.539329528808594 50.01059341430664
47.48240280151367 41.584537506103516 49.94377517700195
47.42063903808594 41.625919342041016 49.87688064575195
47.3560676574707 41.66343307495117 49.81037139892578
47.2883415222168 41.69655990600586 49.744667053222656
47.22028350830078 41.72533416748047 49.677303314208984
47.15260314941406 41.75096893310547 49.60828399658203
47.08341598510742 41.77408981323242 49.539852142333984
47.0131721496582 41.79289627075195 49.471195220947266
46.94113540649414 41.81199645996094 49.40451431274414
46.86673355102539 41.82815933227539 49.33962631225586
46.793846130371094 41.83945846557617 49.272159576416016
46.72480010986328 41.848663330078125 49.20039749145508
46.65385437011719 41.855384826660156 49.13022232055664
46.5826301574707 41.859622955322266 49.06005859375
46.51762008666992 41.86045837402344 48.984188079833984
46.4583854675293 41.852420806884766 48.90388107299805
46.399871826171875 41.84062194824219 48.82361602783203
46.34272766113281 41.82707977294922 48.74263000488281
46.28522491455078 41.81193161010742 48.6622200012207
46.223297119140625 41.79676055908203 48.58519744873047
46.162471771240234 41.77926254272461 48.50761413574219
46.10733413696289 41.75588607788086 48.42770004272461
46.057708740234375 41.72951889038086 48.34486770629883
46.00521469116211 41.70595169067383 48.2630615234375
45.951873779296875 41.67983627319336 48.182579040527344
45.89976501464844 41.65085220336914 48.10227966308594
45.8561897277832 41.61689758300781 48.018924713134766
45.811683654785156 41.58356475830078 47.9358024597168
45.76370620727539 41.54976272583008 47.85481262207031
45.719627380371094 41.51438903808594 47.77231216430664
45.67909622192383 41.47871017456055 47.68820571899414
45.646846771240234 41.43653869628906 47.603431701660156
45.61513137817383 41.39273452758789 47.519287109375
45.57975387573242 41.34707260131836 47.43803024291992
45.53693389892578 41.2992057800293 47.36102294921875
45.50984573364258 41.241580963134766 47.284183502197266
45.494239807128906 41.17460632324219 47.2115364074707
45.477787017822266 41.10770797729492 47.1390266418457
45.466896057128906 41.042633056640625 47.06393814086914
45.45919418334961 40.978271484375 46.9876708984375
45.454551696777344 40.913108825683594 46.91189193725586
45.449947357177734 40.845237731933594 46.838558197021484
45.45649337768555 40.773231506347656 46.76982498168945
45.470726013183594 40.69980239868164 46.70341491699219
45.48739242553711 40.6263313293457 46.63764190673828
45.50566482543945 40.55036163330078 46.57522964477539
45.52621841430664 40.474342346191406 46.513572692871094
45.54864501953125 40.39685821533203 46.45446014404297
45.56961441040039 40.3190803527832 46.39517593383789
45.592857360839844 40.23948669433594 46.33921432495117
45.61777877807617 40.16230392456055 46.28071975708008
45.646358489990234 40.08723449707031 46.22117614746094
45.680213928222656 40.01398849487305 46.16218185424805
45.71841812133789 39.943931579589844 46.10190963745117
45.75667190551758 39.87147521972656 46.044551849365234
45.79765319824219 39.80184555053711 45.98561477661133
45.84373474121094 39.73556137084961 45.92659378051758
45.88932800292969 39.66717529296875 45.8696174621582
45.93561935424805 39.5986328125 45.81340026855469
45.97868347167969 39.52838897705078 45.7567138671875
46.021854400634766 39.456573486328125 45.70211410522461
46.06633758544922 39.383827209472656 45.64980697631836
46.11217498779297 39.31214141845703 45.59725570678711
46.16044616699219 39.24222183227539 45.54450607299805
46.20697021484375 39.170867919921875 45.49203109741211
46.258419036865234 39.10171890258789 45.44127655029297
46.310516357421875 39.03193664550781 45.39208984375
46.36353302001953 38.96342849731445 45.342079162597656
46.41637420654297 38.89382553100586 45.29343032836914
46.47060012817383 38.826255798339844 45.24345016479492
46.524784088134766 38.75849151611328 45.19367980957031
46.580543518066406 38.69089126586914 45.14542770385742
46.63676834106445 38.621795654296875 45.099971771240234
46.69267272949219 38.55361557006836 45.052734375
46.747989654541016 38.48342514038086 45.0078239440918
46.80344009399414 38.413230895996094 44.96310043334961
46.862911224365234 38.344871520996094 44.92074203491211
46.92417907714844 38.27694320678711 44.88029098510742
46.98484802246094 38.2084846496582 44.839839935302734
47.04664993286133 38.139678955078125 44.8017692565918
47.108036041259766 38.06992721557617 44.7647590637207
47.17207336425781 38.00138473510742 44.72997283935547
47.23970031738281 37.939735412597656 44.6899528503418
47.312618255615234 37.88288116455078 44.65210723876953
47.386043548583984 37.821617126464844 44.6224250793457
47.46149444580078 37.761199951171875 44.596961975097656
47.5379753112793 37.70283889770508 44.56991195678711
47.61549758911133 37.64124298095703 44.55513381958008
47.694950103759766 37.58290100097656 44.538143157958984
47.7763786315918 37.52751159667969 44.52067947387695
47.858428955078125 37.47403335571289 44.50044631958008
47.94194793701172 37.42197036743164 44.48303985595703
48.026790618896484 37.37065124511719 44.46884536743164
48.11246871948242 37.32069396972656 44.4551887512207
48.19630813598633 37.273460388183594 44.42937469482422
48.27717590332031 37.22935104370117 44.39030075073242
48.358917236328125 37.18522644042969 44.353233337402344
48.44083786010742 37.14096450805664 44.3167610168457
48.52439880371094 37.0998420715332 44.28030014038086
48.60969161987305 37.063846588134766 44.24276351928711
48.69792556762695 37.03273010253906 44.20746612548828
48.78859329223633 37.00754928588867 44.17359161376953
48.88180160522461 36.98358917236328 44.14635467529297
48.97392654418945 36.95899200439453 44.11648178100586
49.06319808959961 36.93587875366211 44.077369689941406
49.14982223510742 36.91051483154297 44.0338020324707
49.23765182495117 36.88522720336914 43.993247985839844
49.32878112792969 36.862892150878906 43.95889663696289
49.41481399536133 36.84001922607422 43.91314697265625
49.500274658203125 36.81658935546875 43.86652374267578
49.58578872680664 36.79480743408203 43.8194580078125
49.67165756225586 36.77408981323242 43.772605895996094
49.759971618652344 36.75322723388672 43.73055648803711
49.84872055053711 36.73494338989258 43.68814468383789
49.93568801879883 36.71908187866211 43.64189529418945
50.01648712158203 36.70493698120117 43.584625244140625
50.09781265258789 36.6943244934082 43.52738571166992
50.17823791503906 36.685699462890625 43.46857452392578
50.25347137451172 36.67565155029297 43.403568267822266
50.32011795043945 36.668128967285156 43.32929229736328
50.38810729980469 36.65948486328125 43.256507873535156
50.45711898803711 36.6524543762207 43.18445587158203
50.523563385009766 36.64628982543945 43.10996627807617
50.588043212890625 36.64295959472656 43.033748626708984
50.65116500854492 36.64098358154297 42.956199645996094
50.713462829589844 36.63783645629883 42.878074645996094
50.77498245239258 36.63533020019531 42.799251556396484
50.83738708496094 36.637508392333984 42.721126556396484
50.899417877197266 36.63976287841797 42.6427116394043
50.96142578125 36.64234161376953 42.56427001953125
51.02638244628906 36.64966583251953 42.48857498168945
51.09201431274414 36.65837860107422 42.41360855102539
51.157066345214844 36.66842269897461 42.33830642700195
51.2205924987793 36.68183517456055 42.26222610473633
51.278236389160156 36.69431686401367 42.18149185180664
51.3335075378418 36.709468841552734 42.09952163696289
51.382537841796875 36.7250862121582 42.01377487182617
51.429656982421875 36.742530822753906 41.92729949951172
51.47527313232422 36.7607536315918 41.84019088745117
51.52058029174805 36.778465270996094 41.7528190612793
51.56402587890625 36.79738998413086 41.66474914550781
51.606468200683594 36.816619873046875 41.57625961303711
51.64567184448242 36.83534240722656 41.486167907714844
51.68457794189453 36.8552360534668 41.396202087402344
51.72146224975586 36.87420654296875 41.305179595947266
51.759559631347656 36.896522521972656 41.2154541015625
51.7981071472168 36.91975021362305 41.12614440917969
51.83211898803711 36.941280364990234 41.03457260131836
51.86490249633789 36.96530532836914 40.94319534301758
51.895469665527344 36.98863220214844 40.850860595703125
51.92412185668945 37.011714935302734 40.75785827636719
51.949493408203125 37.037349700927734 40.66463088989258
51.96400833129883 37.06336212158203 40.56915283203125
51.975135803222656 37.08987045288086 40.473392486572266
51.98817825317383 37.11314392089844 40.37704086303711
52.003787994384766 37.13239288330078 40.28020095825195
52.01946258544922 37.15669631958008 40.18446731567383
52.035789489746094 37.181209564208984 40.08891677856445
52.05168914794922 37.20744705200195 39.99374008178711
52.06895446777344 37.234195709228516 39.89895248413086
52.0837516784668 37.260414123535156 39.803585052490234
52.09844970703125 37.28956604003906 39.70905685424805
52.11259078979492 37.320777893066406 39.61509704589844
52.12590789794922 37.348934173583984 39.52006149291992
52.136985778808594 37.38011932373047 39.42568588256836
52.14336395263672 37.41188430786133 39.33106994628906
52.14881134033203 37.44620132446289 39.2373046875
52.154212951660156 37.47857666015625 39.142826080322266
52.15740203857422 37.51136016845703 39.048404693603516
52.156761169433594 37.54627227783203 38.954708099365234
52.15155792236328 37.58490753173828 38.86263656616211
52.14414978027344 37.62191390991211 38.77002716064453
52.13561248779297 37.65790939331055 38.67710876464844
52.1246223449707 37.69584274291992 38.58524703979492
52.111907958984375 37.73836898803711 38.49563980102539
52.09616470336914 37.77899932861328 38.4056282043457
52.0765495300293 37.82356262207031 38.318260192871094
52.052268981933594 37.86891174316406 38.23250961303711
52.027156829833984 37.915958404541016 38.147918701171875
52.00028610229492 37.964927673339844 38.064964294433594
51.97068786621094 38.01340103149414 37.982662200927734
51.9407844543457 38.06779098510742 37.90420913696289
51.91004180908203 38.12467956542969 37.82792663574219
51.87665939331055 38.181358337402344 37.75260543823242
51.8424186706543 38.24101638793945 37.68001174926758
51.80501937866211 38.30350112915039 37.611515045166016
51.76668167114258 38.36994552612305 37.54735565185547
51.7298469543457 38.43780517578125 37.48381042480469
51.68766403198242 38.50620651245117 37.424312591552734
51.64360046386719 38.57536315917969 37.367061614990234
51.59758758544922 38.64303970336914 37.30965805053711
51.54958724975586 38.71352767944336 37.257442474365234
51.49652099609375 38.7828483581543 37.20867919921875
51.44103240966797 38.852901458740234 37.16379928588867
51.384979248046875 38.925559997558594 37.12409210205078
51.329105377197266 38.99895095825195 37.08549118041992
51.272613525390625 39.07293701171875 37.04899597167969
51.21236801147461 39.145263671875 37.01521301269531
51.15336227416992 39.22011947631836 36.98493576049805
51.09316635131836 39.295230865478516 36.957828521728516
51.03371047973633 39.372623443603516 36.93604278564453
50.97888946533203 39.45330810546875 36.914119720458984
50.92280578613281 39.53392791748047 36.89518737792969
50.86643981933594 39.615108489990234 36.8798942565918
50.811744689941406 39.698246002197266 36.87003707885742
50.75560760498047 39.780704498291016 36.862937927246094
50.69804000854492 39.862281799316406 36.85762023925781
50.64078903198242 39.944068908691406 36.85197830200195
50.58150863647461 40.02458572387695 36.850685119628906
50.51927947998047 40.10285949707031 36.8493766784668
50.45621871948242 40.180477142333984 36.850013732910156
50.39251708984375 40.25742721557617 36.85543441772461
50.32838821411133 40.33415603637695 36.857887268066406
50.26268005371094 40.409366607666016 36.86290740966797
50.19493865966797 40.4821662902832 36.87357711791992
50.12504959106445 40.553070068359375 36.88325500488281
50.05446243286133 40.622459411621094 36.89767837524414
49.98474884033203 40.69146728515625 36.91722869873047
49.9141731262207 40.75944519042969 36.937294006347656
49.84315490722656 40.82707977294922 36.95681381225586
49.773494720458984 40.89495849609375 36.98025131225586
49.70845031738281 40.9653205871582 37.0087890625
49.643150329589844 41.03292465209961 37.043006896972656
49.57549285888672 41.09811782836914 37.07732009887695
49.5085334777832 41.16530990600586 37.108665466308594
49.44347381591797 41.231040954589844 37.14670944213867
49.373687744140625 41.291751861572266 37.184871673583984
49.30598068237305 41.35482406616211 37.22268295288086
49.24049758911133 41.419742584228516 37.26144027709961
49.17430877685547 41.482460021972656 37.30247497558594
49.10932922363281 41.54534149169922 37.345191955566406
49.0428352355957 41.60564422607422 37.3892936706543
48.976470947265625 41.663753509521484 37.43644332885742
48.91351318359375 41.72315216064453 37.486412048339844
48.85649108886719 41.78111267089844 37.54463577270508
48.798973083496094 41.83993911743164 37.601497650146484
48.74142074584961 41.89540100097656 37.66158676147461
48.68366241455078 41.953067779541016 37.719459533691406
48.62388229370117 42.00649642944336 37.77922439575195
48.56467819213867 42.06256103515625 37.83717346191406
48.50514602661133 42.11350631713867 37.89931869506836
48.44314193725586 42.16400909423828 37.959564208984375
48.385990142822266 42.21731185913086 38.021854400634766
48.32940673828125 42.268795013427734 38.0863037109375
48.274742126464844 42.31938934326172 38.153045654296875
48.22053146362305 42.37190628051758 38.218666076660156
48.172706604003906 42.42485046386719 38.288761138916016
48.13369369506836 42.47771453857422 38.36417007446289
48.09428024291992 42.52987289428711 38.43983459472656
48.06137466430664 42.58199691772461 38.51862716674805
48.02901077270508 42.636932373046875 38.59566879272461
47.99404525756836 42.689170837402344 38.673484802246094
47.951499938964844 42.73875427246094 38.7492790222168
47.9161376953125 42.788780212402344 38.82823944091797
47.88387680053711 42.83891677856445 38.908538818359375
47.85402297973633 42.890281677246094 38.988983154296875
47.82708740234375 42.9422721862793 39.07006072998047
47.806827545166016 42.99592971801758 39.15193176269531
47.79408645629883 43.046478271484375 39.23723220825195
47.78121566772461 43.09703826904297 39.3224983215332
47.76736068725586 43.14936065673828 39.40657424926758
47.76042175292969 43.19781494140625 39.49375534057617
47.75362014770508 43.24842834472656 39.579750061035156
47.750030517578125 43.29801940917969 39.66649627685547
47.737220764160156 43.35118103027344 39.75031280517578
47.72524642944336 43.40345001220703 39.834720611572266
47.717308044433594 43.45535659790039 39.9197883605957
47.711097717285156 43.502891540527344 40.00760269165039
47.706565856933594 43.55145263671875 40.09489822387695
47.70653533935547 43.5977783203125 40.18354034423828
47.69920349121094 43.64938735961914 40.26882553100586
47.69129180908203 43.70130157470703 40.35395431518555
47.68682861328125 43.75590515136719 40.4376335144043
47.682525634765625 43.81250762939453 40.519954681396484
47.677391052246094 43.869598388671875 40.60179901123047
47.679908752441406 43.92301940917969 40.68638229370117
47.68172073364258 43.97735595703125 40.77032470703125
47.689598083496094 44.0312614440918 40.85417175292969
47.700321197509766 44.084434509277344 40.93818664550781
47.71021270751953 44.13751983642578 41.02236557006836
47.72529602050781 44.19027328491211 41.10598373413086
47.74065399169922 44.24509048461914 41.188232421875
47.758697509765625 44.30030059814453 41.26963806152344
47.78260803222656 44.35149383544922 41.35216522216797
47.806819915771484 44.40089416503906 41.43564987182617
47.83261489868164 44.45222473144531 41.51749801635742
47.857337951660156 44.50447082519531 41.59912872314453
47.88529968261719 44.55297088623047 41.682010650634766
47.9145622253418 44.601470947265625 41.764434814453125
47.945152282714844 44.651458740234375 41.845462799072266
47.97410202026367 44.70058822631836 41.927642822265625
48.00499725341797 44.74891662597656 42.00956344604492
48.03910827636719 44.79806137084961 42.0897102355957
48.0738410949707 44.8453483581543 42.170719146728516
48.10651779174805 44.89262008666992 42.252567291259766
48.13974380493164 44.940616607666016 42.333736419677734
48.177757263183594 44.98670959472656 42.41393280029297
48.216209411621094 45.03264236450195 42.49398422241211
48.25294876098633 45.07794189453125 42.57530975341797
48.2927131652832 45.120628356933594 42.65653610229492
48.337303161621094 45.16157913208008 42.73609924316406
48.38619613647461 45.19781494140625 42.81542205810547
48.43642807006836 45.23145294189453 42.89508056640625
48.48965835571289 45.26603317260742 42.97237014770508
48.54072570800781 45.30120086669922 43.05084991455078
48.594261169433594 45.334110260009766 43.128662109375
48.64875411987305 45.36957931518555 43.20465850830078
48.705360412597656 45.403018951416016 43.28001403808594
48.761314392089844 45.439640045166016 43.35440444946289
48.81726837158203 45.47712326049805 43.428340911865234
48.874263763427734 45.511817932128906 43.50285339355469
48.932640075683594 45.5495491027832 43.574771881103516
48.99040603637695 45.58864974975586 43.64643859863281
49.048343658447266 45.628963470458984 43.71735763549805
49.10999298095703 45.672515869140625 43.78286361694336
49.17532730102539 45.717041015625 43.844242095947266
49.239013671875 45.7646484375 43.904823303222656
49.30116271972656 45.81390380859375 43.965755462646484
49.36600112915039 45.860618591308594 44.02581024169922
49.43306350708008 45.90800476074219 44.08285903930664
49.50075149536133 45.95644760131836 44.138267517089844
49.569427490234375 46.00436782836914 44.192935943603516
49.636756896972656 46.05534362792969 44.2464714050293
49.70454406738281 46.10741424560547 44.298362731933594
49.7741813659668 46.15742874145508 44.34983444213867
49.84394454956055 46.20986557006836 44.398658752441406
49.91595458984375 46.25981903076172 44.446842193603516
49.98802947998047 46.311973571777344 44.49245071411133
50.060462951660156 46.36735916137695 44.53348159790039
50.133460998535156 46.424903869628906 44.57039260864258
50.205867767333984 46.48217010498047 44.60882568359375
50.277015686035156 46.54258728027344 44.644737243652344
50.349483489990234 46.601505279541016 44.680484771728516
50.420204162597656 46.662010192871094 44.71698760986328
50.489418029785156 46.72487258911133 44.75239562988281
50.56034851074219 46.78807830810547 44.78370666503906
50.630882263183594 46.851783752441406 44.81480026245117
50.69971466064453 46.91753005981445 44.84541320800781
50.76969528198242 46.98370361328125 44.872276306152344
50.83938217163086 47.049896240234375 44.89991760253906
50.90951156616211 47.11649703979492 44.925289154052734
50.979331970214844 47.18391799926758 44.9493408203125
51.047298431396484 47.25398635864258 44.9709358215332
51.11479568481445 47.32423400878906 44.993526458740234
51.180362701416016 47.39720153808594 45.012943267822266
51.24471664428711 47.47171401977539 45.03047180175781
51.3067741394043 47.54857635498047 45.045963287353516
51.3674430847168 47.626522064208984 45.06150436401367
51.427635192871094 47.70463180541992 45.078041076660156
51.486541748046875 47.784576416015625 45.08979797363281
51.54425811767578 47.86524963378906 45.10246276855469
51.59986877441406 47.94760513305664 45.11349105834961
51.654998779296875 48.030418395996094 45.12356948852539
51.711570739746094 48.11250305175781 45.13149642944336
51.766746520996094 48.19583511352539 45.134681701660156
51.8222770690918 48.27888870239258 45.138736724853516
51.876686096191406 48.362728118896484 45.14204788208008
51.9291877746582 48.447784423828125 45.144195556640625
51.98408126831055 48.53137969970703 45.145084381103516
52.03695297241211 48.61625289916992 45.1446647644043
52.08948516845703 48.70132827758789 45.142276763916016
52.14116668701172 48.786861419677734 45.1384162902832
52.19377899169922 48.87177276611328 45.13386917114258
52.244083404541016 48.957786560058594 45.125404357910156
52.29538345336914 49.04288864135742 45.1143913269043
52.345428466796875 49.127689361572266 45.09697341918945
52.39541244506836 49.21268844604492 45.080406188964844
52.443931579589844 49.2983512878418 45.062923431396484
52.49100112915039 49.38459014892578 45.044193267822266
52.537254333496094 49.46910095214844 45.017513275146484
52.5855712890625 49.55082702636719 44.98613357543945
52.63283157348633 49.632835388183594 44.95391082763672
52.67771911621094 49.71599578857422 44.92119216918945
52.721656799316406 49.799339294433594 44.8877067565918
52.76327896118164 49.882530212402344 44.85100173950195
52.79323196411133 49.97171401977539 44.814823150634766
52.802696228027344 50.063777923583984 44.78248977661133
52.79901123046875 50.1590576171875 44.75064468383789
